-452.782245237 -764.860367297 -236.709109396 -1368.13986253 -2198.9086368 -538.016740837 1
-452.29734745 -763.424501267 -231.074323245 -1367.83999845 -2199.47226324 -540.064307454 1
-454.105763308 -762.389111408 -236.022188813 -1375.42022953 -2196.59633399 -543.911243666 0
-451.766697346 -760.744180931 -236.143258511 -1375.61415534 -2195.4404036 -543.105991038 0
-447.188122348 -765.010960378 -231.611121748 -1367.02433823 -2198.2278558 -541.887011882 1
-455.029744402 -762.388060295 -236.640766374 -1375.19868245 -2196.72182279 -542.395391902 0
-449.434062113 -765.002797866 -231.252054403 -1367.84473215 -2198.24747735 -540.519070941 1
-448.904228466 -756.851510517 -233.793079277 -1375.39003712 -2201.57876869 -547.478953142 0
-453.493708572 -762.662574222 -237.100672917 -1377.03836964 -2195.95382396 -544.616658787 0
-451.281733735 -763.837283261 -237.155400978 -1369.11731508 -2200.24022061 -537.823783703 1
-453.978041079 -759.098693666 -235.583712724 -1370.0902372 -2203.25999075 -539.173944432 1
-450.817212784 -765.236085597 -228.982028059 -1367.42469051 -2198.92588592 -542.008386907 1
-455.818872117 -760.279443419 -235.223342759 -1370.51955207 -2204.43816211 -540.670662842 1
-453.550076144 -759.420379061 -235.68049471 -1369.30241241 -2204.58812058 -539.285441768 1
-452.856550322 -761.393557193 -236.964411066 -1374.49526424 -2197.95880742 -544.500781306 0
-453.371846199 -760.102536857 -236.914579532 -1369.49378394 -2204.94907926 -539.595609748 1
-452.30301719 -765.946410353 -235.993611642 -1367.62721954 -2200.2516633 -539.102395495 1
-454.787290708 -760.587497104 -236.330304165 -1368.70695175 -2202.62712462 -538.642162408 1
-453.978949116 -766.680436199 -238.855302222 -1369.52278461 -2203.59239278 -542.261228663 1
-442.644298628 -765.547979388 -240.240902271 -1377.8267502 -2185.68735859 -527.9300587 0
-453.045339564 -760.519333056 -236.788132651 -1375.03847279 -2196.33277169 -544.412988587 0
-453.919719441 -764.285702745 -237.62787402 -1369.92589353 -2199.67429184 -539.746643623 1
-453.43462493 -760.25540991 -236.522970977 -1370.83388393 -2203.94053883 -540.903058811 1
-452.995731492 -766.220884241 -235.631767082 -1368.53673881 -2200.22878695 -538.855016857 1
-444.881261979 -758.43254491 -231.457128815 -1374.40990934 -2202.11995668 -544.828453692 0
-451.841402836 -765.208760107 -238.696507203 -1368.89471339 -2203.36254202 -543.175951242 1
-452.565585706 -766.801641038 -238.788607178 -1369.65704683 -2202.01834597 -543.954390133 1
-453.488105398 -760.52215585 -235.214338394 -1370.50735483 -2201.83440525 -538.817458636 1
-452.309533439 -761.286768128 -236.819683299 -1377.18828168 -2195.33503173 -544.058018376 0
-453.306603103 -759.501639781 -235.51390071 -1370.36941599 -2203.10735799 -540.123022753 1
-455.050698551 -760.495053656 -237.557350394 -1370.96853038 -2202.8835601 -540.274363074 1
-451.698502983 -763.839583711 -231.192816346 -1368.28496256 -2198.40376439 -540.281805331 1
-454.361308271 -765.793764742 -238.591468807 -1369.67235052 -2204.39479552 -543.990809665 1
-453.064645663 -765.037052974 -228.272702586 -1368.0135278 -2197.17842179 -542.37400078 1
-453.815889797 -759.57355401 -235.755188025 -1369.48080439 -2203.63446173 -540.352439422 1
-453.82048209 -761.394491098 -236.376115726 -1377.24860433 -2196.66790862 -544.643421299 0
-453.680216744 -758.58904287 -235.147222447 -1369.58222622 -2202.85818731 -538.523295301 1
-452.493759184 -766.292642521 -238.19984458 -1369.68168723 -2201.62471899 -543.257752187 1
-452.588298321 -760.41457676 -235.931486877 -1376.81998167 -2195.29183918 -544.33033234 0
-454.683376946 -760.238743141 -236.858476347 -1370.7027142 -2202.93077201 -540.591318637 1
-445.882712216 -764.475007027 -233.671881619 -1366.95135167 -2199.93967367 -543.636297678 1
-452.029405855 -765.411779688 -237.078750135 -1370.65471841 -2203.85378059 -543.743767013 1
-446.51818543 -764.803524334 -231.110912048 -1367.19613689 -2199.26615866 -541.7756951 1
-452.651154235 -765.806879937 -238.390767325 -1368.77311135 -2201.3095194 -539.655779681 1
-451.625990395 -765.277682405 -232.320663449 -1367.38679138 -2197.9201973 -542.882006621 1
-452.730557435 -767.443927551 -237.082116675 -1369.13839234 -2202.46609457 -543.072002024 1
-451.956917862 -764.095093846 -236.170372137 -1367.69082083 -2201.14601352 -537.978709003 1
-454.589796355 -759.178165707 -235.456203734 -1369.60541382 -2204.73537404 -538.817387288 1
-446.397847945 -763.352148194 -231.604235749 -1367.70040134 -2201.13215446 -541.182404904 1
-454.782440935 -758.645659003 -235.891745084 -1370.49729182 -2201.91028197 -540.519739777 1
-448.1922452 -758.657011425 -235.170476508 -1374.22847978 -2199.12281607 -548.984172506 0
-451.413374763 -764.062121473 -237.553034612 -1370.16101018 -2201.22005396 -538.984569113 1
-446.995001492 -763.872434491 -231.324293141 -1368.43856835 -2198.51412968 -541.479410017 1
-445.684744482 -764.447819182 -232.352434033 -1369.30158909 -2199.7529228 -542.596358897 1
-452.016267949 -766.317051455 -239.458030366 -1368.62800279 -2202.94590157 -543.363824312 1
-446.860432203 -764.053380668 -232.847402636 -1366.69753663 -2197.73101053 -542.384883496 1
-453.327879737 -760.23463679 -234.902144578 -1377.18937406 -2196.443761 -543.968394831 0
-454.050871257 -764.955330723 -236.510190074 -1369.10821785 -2200.42473229 -538.485492366 1
-452.641714238 -766.390789417 -237.491644932 -1368.5636409 -2203.3333792 -542.281132901 1
-452.419376201 -765.617764447 -237.282633049 -1368.18402264 -2200.24906756 -536.688118917 1
-453.861652439 -759.616114591 -237.366864449 -1370.33585301 -2203.2663431 -540.084660221 1
-453.638402394 -765.105716919 -238.116522719 -1370.7758211 -2202.19143716 -543.182413876 1
-451.950404137 -764.524798837 -238.784571816 -1368.8189478 -2202.30893711 -543.156971651 1
-446.82489062 -745.124390559 -219.115018621 -1375.52642861 -2193.57631578 -527.419874152 0
-453.269033791 -766.529932626 -238.15689812 -1368.92694492 -2202.88469255 -541.731739016 1
-446.936033714 -762.718350785 -232.13979217 -1366.48538268 -2199.73976603 -541.617085841 1
-452.847519868 -762.886698341 -236.797586139 -1368.29748566 -2198.96566003 -539.982297473 1
-451.619399528 -765.289608627 -230.44605459 -1368.69296958 -2197.68676886 -541.354496555 1
-449.520617704 -764.338401028 -231.073114473 -1368.89526338 -2197.79805583 -541.880934902 1
-451.560703666 -764.472778168 -230.285834886 -1367.82439028 -2197.10511056 -541.286567992 1
-448.769184661 -758.881728116 -236.229813546 -1373.34726195 -2200.31507841 -546.795813799 0
-446.152760597 -764.462081425 -232.690734997 -1368.95577471 -2198.74856053 -542.451063925 1
-453.697324575 -764.558364391 -237.919102996 -1369.6929629 -2204.33789394 -543.044520373 1
-454.435502629 -761.633659074 -236.782712872 -1376.08000277 -2195.02349122 -544.893884862 0
-446.783698551 -763.849434273 -232.104955198 -1369.07668818 -2199.80989312 -543.237271557 1
-446.882804474 -763.909962268 -232.788976475 -1367.80468562 -2198.33388482 -541.20678919 1
-451.462051554 -765.617175804 -229.988564051 -1367.06776276 -2196.54829131 -541.794837887 1
-445.681314688 -759.85438265 -232.104403235 -1373.23775574 -2203.2712629 -543.486412458 1
-445.672666839 -762.932344484 -231.140140856 -1369.37694293 -2200.37187055 -542.496977399 1
-453.941255199 -761.663359041 -236.646882375 -1375.80310269 -2196.74289967 -543.815659016 0
-447.76621689 -757.950187962 -233.779358327 -1373.90361324 -2200.26385983 -547.040092889 0
-454.308625523 -758.959057121 -237.978472404 -1369.10056619 -2204.78026601 -539.473473873 1
-452.910977712 -759.983752879 -236.850035664 -1375.22319401 -2195.20778017 -543.464624575 0
-453.67364904 -759.049024659 -235.671410745 -1370.34544727 -2200.61989812 -539.538954822 1
-451.355704675 -764.611303421 -236.003923519 -1369.41341237 -2200.84424638 -539.655347605 1
-450.408232962 -757.809904099 -234.618427294 -1373.43315337 -2200.15490765 -547.658845573 0
-447.396389843 -764.920138218 -230.497579807 -1367.95421526 -2200.01741446 -543.559391435 1
-453.650066232 -762.257579374 -238.423908812 -1376.41744687 -2197.20337258 -544.352698565 0
-452.751580824 -763.946479248 -236.126970288 -1368.02759945 -2200.81366911 -538.363803963 1
-453.104922716 -762.076169005 -237.071334295 -1377.11744447 -2196.36404482 -543.71029825 0
-448.232520319 -758.464205827 -235.430886909 -1374.17206481 -2200.69902002 -548.343888903 0
-434.127304523 -748.997872188 -225.188514064 -1367.7590776 -2188.59404917 -537.08365064 1
-447.90421669 -763.277360783 -233.833329701 -1368.40464158 -2198.75828433 -541.271153591 1
-445.172628631 -758.69982486 -231.863831411 -1373.91922643 -2202.47693486 -542.317982491 1
-452.573294776 -765.058600129 -236.761581198 -1367.52169461 -2199.73656422 -538.900532915 1
-448.510176004 -757.511627737 -235.004175648 -1373.50150389 -2199.54908093 -548.10238726 0
-452.119608872 -766.096163897 -228.303215636 -1367.51759945 -2197.07176547 -541.624393732 1
-452.841712842 -760.775418581 -236.441146471 -1376.04651012 -2196.59939532 -545.488990183 0
-450.879193684 -756.83474238 -236.525340783 -1371.9588842 -2202.0627855 -549.28052652 0
-451.92650891 -764.567649901 -230.120109153 -1366.17214833 -2197.21199733 -541.456338579 1
-452.265307187 -761.818122545 -236.266104059 -1376.54857701 -2196.52608343 -544.335066867 0
-446.058329772 -765.244047522 -231.632694923 -1367.73472006 -2197.67612776 -542.842322598 1
-451.674739056 -765.090415038 -237.451186273 -1369.79053222 -2202.52797051 -542.104011388 1
-452.853842527 -761.122085952 -237.791451 -1376.19503031 -2197.55675527 -545.689882749 0
-452.620847384 -763.963485826 -236.692110915 -1368.59103364 -2199.44004912 -537.208935575 1
-454.770488467 -760.672118016 -236.112876593 -1377.1782057 -2196.73977477 -541.868659952 0
-453.399823816 -762.026259453 -236.14575618 -1377.14896429 -2196.43213021 -543.049897057 0
-453.305016228 -761.348126912 -234.010541141 -1370.04694682 -2203.95684092 -539.45273266 1
-452.321849731 -760.833364651 -236.555224894 -1377.0923336 -2197.99781246 -542.596470345 0
-453.006145993 -760.562446039 -237.79032424 -1375.32306611 -2195.04178796 -544.872181063 0
-451.256494497 -764.789388865 -236.237321187 -1367.98081925 -2199.71541373 -538.48777018 1
-453.007751778 -760.707516572 -235.774516948 -1374.65782577 -2197.53584173 -545.053239467 0
-453.463721009 -760.825295757 -238.078942271 -1375.99450117 -2194.76274025 -545.980295013 0
-448.135165649 -765.218459055 -222.101626461 -1356.5807601 -2183.4191885 -526.789698105 1
-446.757644099 -763.681557004 -232.290318469 -1366.26899191 -2199.80523099 -542.940056666 1
-446.369497937 -762.206950503 -230.630580896 -1368.05532107 -2200.62630331 -542.458953547 1
-454.054428946 -757.804284436 -237.861238767 -1370.18405027 -2204.3339726 -541.355239901 1
-452.755069154 -764.558870857 -237.925822246 -1367.60613309 -2202.63001662 -543.14004252 1
-452.528290771 -765.323733997 -239.090154009 -1369.06812037 -2204.84748278 -542.783786255 1
-454.937732194 -762.786095101 -237.187759873 -1375.9903999 -2196.59949219 -543.398737933 0
-456.00923939 -760.568838688 -237.008845294 -1370.51612247 -2204.23679053 -539.569990833 1
-447.909050766 -764.183617789 -232.814978159 -1367.02772188 -2200.33168809 -541.473260678 1
-451.741945403 -764.252411275 -231.782378261 -1366.90575403 -2198.65005677 -542.321724892 1
-450.51919933 -762.995553468 -230.193865835 -1367.3634311 -2197.04020281 -542.546626519 1
-451.483622561 -763.917828866 -231.144761319 -1366.35019696 -2199.11648262 -541.531786015 1
-452.947722457 -762.480521831 -235.278112785 -1377.65098059 -2194.91309047 -544.225791959 0
-452.362949163 -764.058557948 -230.069530816 -1368.37140945 -2197.55595969 -541.198657124 1
-450.730132054 -764.629629217 -231.257149679 -1368.04283189 -2198.38486698 -539.908788059 1
-449.52594 -757.636178229 -235.744844162 -1374.01402044 -2201.01231902 -547.340540646 0
-454.061930365 -762.131184048 -237.199473344 -1375.44492612 -2195.60490019 -542.315194115 0
-451.914577425 -763.025418881 -230.647862521 -1366.9676934 -2197.49045207 -541.660552024 1
-450.065317132 -763.680083094 -230.242522831 -1368.85111282 -2196.95375791 -541.69683288 1
-450.814716467 -764.279318348 -230.631531674 -1367.28710578 -2197.18934285 -542.604806358 1
-445.526166478 -762.86022671 -233.359850482 -1368.77604101 -2199.7179927 -542.349806988 1
-450.051112861 -756.704975052 -234.976408661 -1374.2070389 -2200.60519443 -548.830826104 0
-448.873893088 -756.723642123 -234.500604486 -1373.44413078 -2201.13037461 -548.328320688 0
-448.535484485 -757.749512659 -234.142875682 -1372.75866063 -2200.17456412 -547.340823305 0
-454.046299461 -764.288724998 -236.216183148 -1367.301194 -2201.31419673 -540.119601721 1
-446.084020838 -765.382558886 -231.201875498 -1368.5420081 -2199.52564012 -542.79080909 1
-453.685920158 -762.984842786 -236.567546111 -1375.58993612 -2194.91104293 -544.476251871 0
-454.957048473 -759.846649818 -236.590254279 -1369.88129043 -2203.2357838 -539.80568468 1
-447.580563842 -763.97456806 -231.937421275 -1367.57434099 -2200.09585651 -542.910648027 1
-447.759025436 -764.054429111 -232.615788825 -1368.15719409 -2196.97284036 -541.967506128 1
-454.525411935 -761.698126781 -235.428477109 -1376.43330422 -2197.00646477 -544.795738059 0
-454.255978636 -758.461254882 -236.047898097 -1370.19873477 -2204.23836343 -539.309993641 1
-452.109832168 -761.909450756 -236.135859097 -1367.28374908 -2200.5902498 -537.443638963 1
-452.080418858 -765.537123883 -237.588981203 -1368.44646649 -2203.28327325 -544.719082291 1
-453.874851186 -763.448654514 -237.663210446 -1375.14755221 -2196.00216785 -543.954116459 0
-453.369579333 -766.772986464 -237.742011457 -1369.60550168 -2202.68296786 -543.884084596 1
-454.870657018 -763.517317945 -239.112054306 -1376.14412877 -2196.42883094 -544.141921595 0
-453.378236417 -760.598977071 -236.150251512 -1370.07072761 -2204.20969335 -540.111330798 1
-453.661751517 -760.566497887 -237.195552732 -1373.20841901 -2196.6744758 -544.030383698 0
-452.879146754 -761.513175587 -236.307445608 -1370.14656886 -2204.40718014 -538.786832303 1
-454.037455896 -759.578426764 -236.21853571 -1370.26164255 -2204.12305932 -537.829783292 1
-445.630562333 -764.453052083 -233.932408177 -1368.08381611 -2200.24866193 -542.897753497 1
-453.052495502 -762.945494292 -238.485241913 -1375.69833504 -2197.77651634 -543.795908157 0
-453.979541258 -762.0145689 -236.144267242 -1376.26860712 -2196.52910637 -544.905018435 0
-452.018116853 -764.15383837 -229.939436972 -1368.33952745 -2195.8430172 -541.383547277 1
-448.069987296 -756.916243083 -235.537465594 -1372.33934724 -2200.36886432 -548.291250471 0
-454.98005088 -761.694235378 -236.416825731 -1370.40756361 -2202.5645772 -540.100573425 1
-451.514958509 -765.977312478 -230.990127685 -1367.70974194 -2197.65011478 -541.822758241 1
-451.5597291 -763.294143675 -235.651114383 -1366.98194663 -2201.58176346 -540.375989463 1
-454.696998507 -762.731351165 -236.371940987 -1375.38455992 -2196.30921246 -546.205652858 0
-451.242713357 -764.675891205 -230.964814449 -1369.26888411 -2195.69335012 -543.338709581 1
-452.433699129 -765.206042286 -235.850565316 -1367.66896689 -2200.8019103 -537.279608556 1
-451.38147148 -764.199641459 -229.219069552 -1368.12804338 -2197.89106783 -543.190996734 1
-455.695448399 -759.115340032 -236.727865711 -1370.29551693 -2203.31503058 -539.569393858 1
-452.544654379 -764.766136478 -228.700830687 -1366.94173042 -2197.93920699 -539.960787671 1
-453.657702539 -760.247224224 -236.263671696 -1376.45987094 -2196.96567592 -546.416183192 0
-452.914048669 -765.323451239 -236.795185777 -1367.91098508 -2201.47047616 -542.695181256 1
-453.042700681 -764.301311241 -235.36483776 -1369.04413869 -2199.35864399 -538.024888362 1
-452.906127177 -763.410529191 -237.364417398 -1377.19779364 -2196.12998748 -542.355307545 0
-453.374973538 -762.548288738 -237.070203447 -1375.91392102 -2196.73326653 -543.671518616 0
-452.770517814 -761.122389823 -235.570938593 -1375.54144866 -2196.62788387 -545.521344347 0
-448.590988104 -763.795326972 -233.210893195 -1368.68181073 -2198.81531365 -542.831301411 1
-453.240041596 -761.181635627 -235.468855253 -1375.99717082 -2196.78791936 -545.280753262 0
-444.923475052 -759.485537312 -230.255992097 -1373.69228766 -2204.05731072 -543.769967933 1
-453.033592125 -761.08312206 -237.16433886 -1375.36476397 -2196.49296081 -544.733137574 0
-446.70176028 -763.303672077 -231.85044954 -1367.98282602 -2198.56739864 -543.766488817 1
-453.309738953 -764.877999567 -238.048989397 -1368.11115055 -2202.65767097 -543.939594014 1
-451.738650472 -765.128646788 -230.364341467 -1367.30202408 -2196.44296039 -539.995431368 1
-446.246181867 -764.740359884 -232.541710967 -1368.30195563 -2198.10804369 -543.109853128 1
-453.350141785 -761.387281051 -237.322666897 -1376.21067537 -2195.68877512 -543.369439016 0
-453.467372114 -758.929736219 -236.028028096 -1370.53083377 -2203.17777713 -539.521595533 1
-452.665832038 -764.832430972 -237.30987733 -1367.99350599 -2200.00115157 -539.311440964 1
-444.939101336 -762.662084101 -234.062598149 -1366.33504597 -2200.45742358 -541.88607695 1
-447.31713384 -763.129395487 -232.042553234 -1367.23541661 -2198.94843262 -541.729089181 1
-451.801208368 -763.792619481 -230.593144008 -1366.26493887 -2197.1921046 -540.988004126 1
-448.794733938 -756.800965343 -234.984737168 -1373.6756992 -2201.51316329 -547.833419982 0
-455.764183702 -760.087877248 -236.690849468 -1370.1409545 -2202.07733252 -539.68405197 1
-447.978475645 -758.202889641 -234.786074819 -1374.38695357 -2200.5975205 -548.393472824 0
-448.722818218 -756.029386266 -233.699248733 -1374.42286095 -2200.74794844 -547.116559135 0
-453.34407049 -765.754324898 -237.207001101 -1370.44903123 -2203.1718229 -545.1588722 1
-455.102934841 -762.103783157 -235.17111684 -1376.16283711 -2196.65114917 -544.693687295 0
-451.862909988 -763.660913393 -230.998311017 -1368.73965849 -2197.2849903 -541.490933556 1
-446.192605478 -764.016756611 -231.129509818 -1369.31483238 -2200.08614472 -540.747600046 1
-445.574758848 -764.547655357 -232.565863054 -1367.75991636 -2200.13935211 -541.823599681 1
-445.580146893 -764.663105548 -232.658156184 -1367.62422866 -2197.82656782 -543.252785507 1
-447.408160811 -764.286085075 -233.015537517 -1366.40122687 -2198.25202703 -542.642634487 1
-453.335234009 -760.996232682 -235.206239871 -1375.54979191 -2195.06883284 -543.202558826 0
-451.531240612 -765.226074483 -232.017715597 -1368.07956861 -2197.3275619 -538.914414517 1
-453.021700365 -762.749621959 -236.336457023 -1376.5651244 -2196.00136966 -543.788893767 0
-453.260776315 -765.907667924 -236.955770993 -1367.4552308 -2202.49528887 -544.726415157 1
-452.442776096 -762.125447818 -236.633551878 -1375.24101728 -2196.17797794 -543.043545789 0
-453.976447841 -766.078621759 -235.278062428 -1368.59605388 -2201.15711017 -537.400719455 1
-453.436984462 -763.717074644 -237.169864558 -1375.36036087 -2196.06865127 -543.426047612 0
-452.582302291 -765.921643846 -239.773658987 -1369.58762932 -2203.57690557 -541.74273401 1
-454.5856945 -758.49068881 -236.363348591 -1369.32732781 -2204.87123544 -540.950178082 1
-453.43138621 -768.034681946 -237.742889857 -1368.40383325 -2203.26719097 -545.165992132 1
-454.703759081 -760.896836908 -235.684506211 -1369.67171291 -2203.11862781 -540.392372587 1
-451.987689267 -763.911121213 -230.085246294 -1368.19430139 -2196.91811738 -539.98143229 1
-454.393985499 -762.982953013 -237.083288737 -1377.56250291 -2198.05412107 -545.189407066 0
-437.375569984 -747.068755337 -228.456411777 -1382.81804111 -2205.62825536 -525.420217954 0
-451.696617266 -766.007175246 -232.041130986 -1366.80515898 -2197.98063113 -541.326182599 1
-444.599717644 -759.374372822 -231.794052412 -1374.04157506 -2202.58186757 -543.801211988 0
-445.09157345 -757.742985244 -231.129268909 -1373.99687348 -2202.8710479 -542.987739627 0
-452.431857838 -766.537847885 -238.650063044 -1368.22619215 -2202.73111383 -545.573941927 1
-452.742232426 -766.581024733 -237.653155476 -1368.2667322 -2202.8261744 -545.449802105 1
-450.557397108 -765.178746407 -230.970046139 -1368.23107547 -2197.15250283 -541.442271681 1
-450.440819443 -764.067178713 -232.082971376 -1366.47324834 -2197.05242139 -542.418014859 1
-454.864367522 -760.088628019 -237.316607349 -1370.17923525 -2205.32112189 -540.709391629 1
-452.303808707 -764.889593808 -229.600452385 -1369.00384249 -2196.79375612 -541.388128168 1
-453.029693035 -759.385035652 -235.737908673 -1371.14994517 -2203.57035151 -538.825505184 1
-451.427763725 -763.406517409 -236.900756363 -1368.76434088 -2199.6271509 -537.596126308 1
-449.702146451 -756.100004511 -233.604243986 -1374.14849799 -2200.06642453 -549.515506545 0
-453.379867472 -763.018510523 -236.216173185 -1374.88297071 -2197.54364536 -544.423465626 0
-455.35779246 -759.543099342 -235.109379313 -1370.35178556 -2203.30487467 -538.370667176 1
-449.609484775 -758.217638128 -235.586260113 -1373.66622542 -2200.77277436 -547.619833855 0
-452.018796859 -764.120878695 -236.881144268 -1367.59446502 -2200.12199252 -537.632076539 1
-452.052104773 -764.821617012 -237.695552383 -1367.94395071 -2201.57991551 -539.158508305 1
-454.948412493 -759.743243456 -236.69512745 -1370.04768457 -2203.70684174 -540.581225148 1
-453.246984591 -767.127778688 -236.457672382 -1369.73056176 -2201.20535462 -543.535821591 1
-452.934273152 -766.520744588 -236.243023685 -1368.60295365 -2203.28423485 -542.519456103 1
-452.529864798 -761.268332073 -235.942090963 -1375.03873563 -2195.80449967 -544.542489685 0
-453.451893921 -762.075927912 -237.125937661 -1375.87233283 -2197.82076529 -545.203886622 0
-448.909716492 -757.331535137 -235.690916881 -1372.60780495 -2201.36108335 -547.112645482 0
-453.42508854 -760.747201315 -236.932253456 -1370.30886925 -2204.70135301 -539.550150371 1
-447.587987407 -763.792638395 -232.816846972 -1369.21640179 -2198.00808811 -542.100289375 1
-454.102041271 -760.478613442 -236.300694028 -1370.54683746 -2202.41434753 -538.682072599 1
-445.295571736 -764.58875952 -230.113803516 -1367.27838497 -2199.50765715 -542.491034434 1
-453.542580831 -763.342809536 -236.303419889 -1375.9602012 -2196.55887755 -545.087329835 0
-445.502755815 -759.330974289 -232.074232437 -1374.64260613 -2205.09162562 -544.03328495 1
-452.223693977 -763.775469919 -236.491942562 -1368.43489955 -2200.79712463 -538.639968958 1
-454.560740414 -762.639531583 -237.897792766 -1376.96105329 -2196.36624146 -545.36430156 0
-453.985263726 -759.547891853 -237.911655352 -1372.64769771 -2204.11007768 -541.722736622 1
-451.069836971 -763.859495025 -230.785151611 -1367.16538915 -2197.98827997 -542.308222259 1
-453.857105836 -763.51506223 -235.888713311 -1375.03192694 -2195.95305727 -545.12641982 0
-454.879671638 -759.225435249 -236.523791455 -1370.07797063 -2205.10236372 -541.784225108 1
-455.327165486 -760.274306438 -237.171161102 -1371.19567249 -2203.78596183 -539.840990441 1
-446.586783869 -763.964359111 -232.463506965 -1367.46384329 -2198.40598213 -541.101248943 1
-452.409009375 -764.563281005 -236.466372835 -1368.9145938 -2203.74443769 -543.17582508 1
-448.404295539 -757.786672233 -235.297685381 -1374.79715891 -2201.51481406 -547.378947643 0
-453.46675332 -764.617447133 -235.024380009 -1366.29387814 -2199.58210699 -538.962561937 1
-451.84599618 -764.424090189 -237.785718607 -1369.26093499 -2200.42186183 -538.096545435 1
-454.779606135 -762.464884723 -236.871143325 -1375.42137885 -2195.93031659 -545.619985674 0
-453.718502881 -760.035748097 -236.841985852 -1369.71206374 -2204.33216237 -539.317624666 1
-453.020499969 -763.185719979 -235.858221075 -1377.02473586 -2196.08730487 -545.126086761 0
-451.580029693 -764.989247184 -230.801744332 -1367.48913843 -2196.41711374 -541.533612107 1
-451.488172423 -766.071080869 -239.160248307 -1368.53821825 -2202.02115644 -543.8505375 1
-453.145129635 -763.201111059 -236.27619532 -1375.71078922 -2195.36435784 -545.458556231 0
-452.950019137 -765.185457323 -237.99176565 -1368.92897534 -2200.45750031 -538.123831114 1
-454.253107183 -761.691897892 -236.521244658 -1375.62656207 -2196.23178544 -545.904453393 0
-451.054310593 -761.768479713 -231.40357533 -1367.5498524 -2196.02763374 -541.221938955 1
-453.394768454 -759.464821525 -236.462072563 -1369.99395406 -2204.03190625 -540.785799183 1
-452.164678734 -765.453611817 -230.70654365 -1368.44043095 -2198.65188801 -541.787298354 1
-446.029992389 -764.322233171 -231.714563475 -1368.61308665 -2199.8108401 -543.305560504 1
-449.10577558 -756.744554984 -235.710696457 -1373.87344689 -2200.26440753 -547.032792294 0
-450.630778874 -765.114640491 -237.709541077 -1369.61908784 -2202.07312046 -544.23943091 1
-453.732495995 -764.622153583 -237.731745771 -1367.70826932 -2200.11008304 -537.14523792 1
-454.454454947 -759.066132619 -237.489225475 -1370.20857187 -2204.02734214 -538.232212408 1
-454.205806759 -759.625385701 -236.083983287 -1370.32769876 -2203.11419143 -539.328060875 1
-445.899867975 -764.247988983 -232.305499411 -1368.57165698 -2200.21565134 -541.311882562 1
-446.554261766 -762.828380309 -231.089452298 -1367.36029904 -2201.15769605 -543.749933322 1
-452.684594362 -765.915505597 -234.884452437 -1368.20303207 -2201.16543407 -539.92806552 1
-450.961006756 -765.637164537 -231.520052564 -1367.01442821 -2198.28616319 -540.68129621 1
-451.027322469 -766.716838407 -238.834583943 -1369.74227056 -2202.89250852 -541.33366775 1
-451.481565984 -767.421828729 -238.03926727 -1369.79690696 -2203.5430509 -543.062656749 1
-453.430425946 -761.330687644 -237.15492551 -1377.67404184 -2195.45708195 -543.78628036 0
-453.338920324 -758.875191193 -237.498271098 -1370.15588999 -2203.57034577 -540.705576576 1
-451.650450287 -765.157301681 -229.253970036 -1367.29451722 -2197.00761868 -541.183245845 1
-454.431577145 -754.164460403 -229.361129082 -1368.99591238 -2189.42017538 -523.566111395 1
-451.96798498 -762.150908308 -235.484699511 -1376.68362762 -2194.61641422 -544.430728565 0
-454.255155785 -761.824568338 -236.113254077 -1375.41556124 -2195.21167455 -543.046460681 0
-453.999044297 -760.501089533 -235.835603824 -1376.97218142 -2195.97043596 -543.490671613 0
-452.73767912 -759.159414958 -236.836392335 -1369.60907077 -2203.4298499 -540.594991953 1
-451.849623798 -765.467394499 -237.507740355 -1366.90182412 -2201.06209335 -540.311301498 1
-452.589037518 -766.302785318 -235.170397704 -1368.54779572 -2204.59741824 -541.589872862 1
-439.762949021 -761.047989873 -229.607580576 -1360.78923554 -2185.03514937 -531.977953529 1
-451.900856328 -764.668163077 -230.899388552 -1368.09840747 -2196.46269922 -541.245041512 1
-454.143705883 -762.582831876 -235.998597669 -1375.68462367 -2197.51531744 -545.62847028 0
-445.99187016 -763.455936039 -231.283712475 -1367.10427529 -2198.40968575 -543.361875145 1
-444.970738557 -758.943298905 -231.859391799 -1372.76284591 -2202.11588544 -542.73226196 1
-453.086709374 -763.798286141 -235.30926753 -1368.27844642 -2200.47460395 -536.455026175 1
-451.224641849 -764.450978599 -229.175897889 -1367.29845232 -2195.29807111 -540.742525707 1
-454.623852486 -759.556094667 -236.618656469 -1370.01578254 -2203.94866477 -539.48043237 1
-450.351761158 -762.791083436 -230.238811289 -1366.021178 -2196.96547589 -542.380233866 1
-445.581884524 -763.930772385 -233.232599441 -1365.82218604 -2200.41498996 -541.907722879 1
-454.852621095 -765.08237427 -235.677832019 -1369.47058215 -2199.44045582 -538.721558146 1
-453.183272814 -763.151145151 -236.83698562 -1376.20344042 -2196.40298943 -544.249898403 0
-450.772680742 -765.439835451 -231.50410099 -1367.0569664 -2196.30821629 -540.954620167 1
-444.327239977 -760.144270619 -232.201552979 -1375.02115666 -2201.10252096 -542.9902907 0
-450.872832164 -765.198488103 -228.168596619 -1368.12557335 -2197.91583762 -542.383949308 1
-452.407571111 -763.545583034 -230.410299007 -1367.38444695 -2198.31873147 -541.414900112 1
-445.786251742 -763.653754461 -231.779119009 -1367.46757951 -2199.94399406 -542.523711885 1
-452.206688359 -760.908930455 -236.929263089 -1377.75013233 -2196.28517056 -544.432692425 0
-453.225063425 -762.777865298 -237.927193211 -1375.35435181 -2196.70858674 -544.389504009 0
-445.616577495 -763.184666578 -232.479103799 -1368.12052143 -2198.22366368 -541.518480856 1
-451.490437412 -765.400445987 -237.51707408 -1367.91181871 -2202.04170744 -543.340466951 1
-453.110585602 -766.674745038 -238.370465038 -1370.7456702 -2203.48946643 -543.741136683 1
-444.198313847 -757.56418177 -232.060262008 -1373.92092659 -2203.45748483 -542.926983902 1
-451.359677232 -765.306268758 -230.080644882 -1365.90824226 -2197.27129092 -541.935383611 1
-453.087751985 -760.193866419 -235.172423021 -1370.03637419 -2202.38137336 -540.520943513 1
-446.895379558 -763.383722243 -232.516380092 -1368.42044432 -2200.85569745 -542.155617502 1
-453.569138744 -765.0520089 -235.972284195 -1368.69604475 -2200.65029307 -537.628338703 1
-451.826319201 -765.808682711 -237.158949251 -1367.38042411 -2203.5278598 -543.481879912 1
-451.205051958 -763.832020413 -230.497337403 -1365.93599144 -2196.05129745 -541.763582641 1
-445.989834461 -764.48355071 -231.782953183 -1368.56279688 -2198.75787033 -542.692084232 1
-455.159802622 -760.491326617 -236.874336628 -1370.40142326 -2203.82633134 -539.545723802 1
-446.446683079 -763.100513179 -231.400384347 -1368.63218348 -2199.18367489 -541.873937149 1
-446.557960621 -765.005862963 -231.769117103 -1367.78186894 -2198.61739741 -542.898755136 1
-450.627843566 -765.58157389 -229.749478437 -1366.04699722 -2196.90260531 -541.040370628 1
-453.288728298 -765.914409304 -238.743387812 -1368.19721894 -2201.44772654 -542.225366752 1
-448.750833559 -756.153778005 -234.531129024 -1374.07188244 -2200.58571369 -547.909039653 0
-453.018889735 -765.735169863 -236.524313079 -1367.64758149 -2201.37320741 -538.381862155 1
-452.99153237 -764.875548603 -231.62286268 -1367.68696688 -2197.91644935 -541.387318811 1
-452.323901901 -761.859346793 -236.690652906 -1376.12548629 -2195.51229798 -543.715484599 0
-452.536870225 -763.755118222 -236.332516039 -1377.14995455 -2195.62922405 -544.429124882 0
-451.514282365 -761.926264318 -234.635793501 -1375.58498212 -2196.45340022 -544.089777864 0
-452.457906074 -763.110741071 -236.276606128 -1367.99252707 -2200.11137903 -537.851102067 1
-451.806038772 -765.804086511 -239.51994595 -1368.6045884 -2202.59618056 -544.799370788 1
-453.416234336 -765.324679972 -237.983277681 -1368.46816635 -2201.3244361 -543.87608166 1
-448.200824071 -757.785418116 -235.348142529 -1372.68768006 -2200.34113074 -548.434599615 0
-452.687229178 -760.140865624 -236.694782456 -1370.57997595 -2204.80879398 -540.964350953 1
-453.029423149 -765.501295212 -236.952076436 -1368.30485851 -2199.0392051 -538.596439738 1
-445.935803323 -763.909143374 -233.694378905 -1366.71500835 -2198.07790356 -541.588444126 1
-452.515671082 -762.203481724 -230.039061068 -1367.8837551 -2196.77025816 -542.135787375 1
-446.112900331 -763.422644126 -234.264388065 -1366.41198063 -2199.17436366 -541.708723533 1
-449.346689199 -758.723766582 -235.027893705 -1374.45932426 -2199.87101009 -547.131498356 0
-453.553787445 -764.434194041 -237.564396611 -1367.85740553 -2201.00070505 -538.080242168 1
-450.555780635 -762.819306409 -229.924247772 -1368.83485343 -2197.34082941 -540.931966696 1
-452.537403985 -765.974621528 -235.390263331 -1367.38816282 -2199.81441902 -538.70732349 1
-449.805141397 -756.030922327 -235.02040812 -1373.5730663 -2200.05100107 -547.322902328 0
-451.295003775 -763.379924297 -230.279092356 -1366.57749188 -2196.99827527 -543.059776777 1
-445.992150157 -765.624763639 -231.954432794 -1368.45100775 -2198.75344562 -543.739294946 1
-447.98601631 -757.676351729 -235.148316483 -1372.38184453 -2201.20681525 -547.446644749 0
-450.643966888 -762.691441122 -230.948441279 -1366.18336788 -2197.01232017 -539.954378682 1
-452.62713126 -765.546669479 -237.382987468 -1368.67137786 -2202.07003028 -543.031987436 1
-453.09841241 -765.3137192 -236.665163772 -1370.17300055 -2200.06692457 -539.323720307 1
-450.626032349 -763.401238129 -230.950398334 -1368.88505323 -2197.90085378 -540.38824883 1
-449.647068412 -764.821342249 -230.208383764 -1367.7359292 -2198.36753298 -541.307664485 1
-454.026898652 -759.644536079 -237.732186845 -1369.59026043 -2203.74032637 -540.994602945 1
-454.457816173 -760.363590381 -235.429604227 -1369.44169298 -2204.37094571 -541.085602163 1
-452.722497127 -765.234994411 -236.302551311 -1367.32785575 -2205.43455506 -544.007270391 1
-452.79600731 -765.427040431 -235.79849806 -1369.25895258 -2204.39371897 -542.247511566 1
-454.213157532 -759.090663512 -236.643963016 -1370.71916498 -2202.40734573 -539.006467699 1
-455.470230025 -760.23004496 -236.064663579 -1368.32505581 -2204.57577186 -540.751836572 1
-455.667082658 -762.74623323 -237.030542794 -1376.40787497 -2197.70859593 -544.811054153 0
-445.434798098 -762.32119693 -231.413220578 -1368.58372087 -2198.9987624 -543.302925126 1
-450.416578638 -764.846304107 -229.295183995 -1365.99953862 -2197.6421519 -540.289724961 1
-453.249152442 -762.680746075 -235.621534239 -1376.37550136 -2195.61045806 -543.717773851 0
-448.97687824 -757.869433183 -234.925586991 -1373.31014207 -2199.14264618 -548.57726196 0
-447.626920363 -756.955118389 -235.717050221 -1375.73746313 -2200.66295209 -549.461917591 0
-450.366628069 -758.653316499 -235.627844136 -1373.73789579 -2201.91819442 -548.462299813 0
-452.45418653 -766.378584121 -230.15102234 -1365.49872812 -2197.34659378 -540.830371473 1
-445.178723212 -764.859359027 -231.215333036 -1368.42648837 -2198.73020334 -543.481863054 1
-454.445292231 -761.150565074 -236.04307756 -1368.81703921 -2204.38608067 -538.790601259 1
-451.59487198 -765.156859427 -232.988969888 -1368.30340051 -2198.19473136 -541.038593258 1
-454.992294774 -761.611488979 -238.167941997 -1377.55740686 -2195.57676335 -542.67391904 0
-452.953949485 -766.71156664 -236.757298797 -1369.60086329 -2202.09807123 -542.778807995 1
-446.703481588 -763.376908148 -231.171799954 -1366.87503274 -2199.06715659 -541.600316022 1
-449.655961326 -756.715840062 -234.72927218 -1373.92051735 -2200.54556041 -548.439632996 0
-453.845122785 -765.803966376 -238.084006046 -1369.54841326 -2204.73000622 -543.247723398 1
-452.969810583 -764.327775921 -236.6595455 -1368.51243672 -2200.89796261 -537.908249269 1
-450.490332812 -763.581764426 -230.004511314 -1366.10420676 -2197.00126895 -541.945776516 1
-453.114981048 -762.231618324 -236.115737316 -1376.85688147 -2197.15698435 -543.454320204 0
-452.680795697 -764.619633788 -235.11792435 -1368.635638 -2200.73541955 -538.289879938 1
-454.554565633 -759.609672728 -237.482932875 -1369.54052256 -2203.77652953 -539.007421758 1
-446.34281089 -763.750368225 -233.777882059 -1368.08325232 -2200.54928924 -540.973701268 1
-449.929583442 -759.263697212 -234.997583529 -1374.14335119 -2202.40573332 -547.820459973 0
-445.454870369 -764.568846693 -231.414666665 -1367.83471594 -2198.82416272 -543.245403169 1
-446.37786668 -757.877912665 -235.786428836 -1373.55314239 -2202.12303066 -547.567447355 0
-449.299895422 -756.799391871 -234.687378435 -1373.70781411 -2201.98804225 -548.095995594 0
-453.06439781 -766.6644523 -237.260569885 -1368.75148999 -2200.68953938 -538.455568101 1
-454.381823062 -762.790495803 -237.64610193 -1377.38380028 -2195.39635325 -543.28228332 0
-453.6375922 -759.566070473 -236.801754324 -1368.8848501 -2204.70215574 -540.156362581 1
-453.373659771 -764.520560303 -235.603128346 -1377.84277043 -2195.44174971 -543.822811682 0
-451.627669859 -764.359664774 -238.372724764 -1369.37435374 -2201.8394487 -544.568212298 1
-452.917923849 -759.923518535 -234.752930813 -1378.70412953 -2194.65334132 -544.98191708 0
-445.732318216 -765.082730269 -233.402210138 -1368.65108665 -2199.07170727 -541.984472256 1
-445.654371369 -763.61346982 -233.386718383 -1368.40960502 -2199.43477517 -542.997620009 1
-446.797767201 -762.430860976 -231.801444625 -1368.21391062 -2200.42898112 -542.652445302 1
-453.691979475 -763.239170834 -237.16500442 -1375.1421839 -2196.38622013 -544.025510844 0
-451.156277353 -764.054677714 -235.143696139 -1368.3983309 -2201.344905 -538.728959042 1
-452.200553078 -763.280253713 -237.039420786 -1376.56717923 -2196.36757176 -543.419631256 0
-452.53767245 -765.386797291 -236.640229735 -1368.7159409 -2203.48376602 -545.184826776 1
-447.769759868 -758.147306488 -235.937907894 -1375.2380374 -2198.65043072 -547.425285152 0
-449.571555514 -765.981888733 -229.952060618 -1366.60562447 -2196.00640067 -541.302278269 1
-450.921035205 -763.822256625 -231.546412743 -1369.17445435 -2198.09821921 -541.254954205 1
-454.050838664 -760.771587771 -237.549163386 -1369.5672689 -2204.20827214 -539.807612905 1
-451.93708071 -764.948135291 -231.02408119 -1370.08381312 -2197.0730796 -543.088209121 1
-444.979863846 -759.755863943 -232.344231401 -1372.78000285 -2201.76672407 -542.531565506 1
-453.015507648 -766.915037228 -238.48903461 -1369.5537196 -2202.57331447 -543.80137087 1
-453.535075152 -762.445320698 -236.106186903 -1375.82148093 -2196.60534949 -543.609539508 0
-453.73409754 -762.08765785 -236.15702482 -1376.17512671 -2197.33274494 -544.608717945 0
-453.214354018 -762.763973834 -238.842944644 -1376.73168695 -2196.08298581 -543.854111625 0
-454.518814106 -760.165376604 -235.970541967 -1369.59689488 -2203.97221815 -539.364039501 1
-452.195404898 -763.24241448 -230.825916348 -1367.23605696 -2196.33458378 -540.401400677 1
-451.683732987 -765.820783199 -236.764927062 -1367.37480157 -2199.9902798 -538.591351343 1
-453.905322292 -761.953166564 -235.877673001 -1376.48547588 -2196.96741966 -544.186820865 0
-444.292949646 -759.726003255 -230.242200177 -1374.49458453 -2203.63389146 -544.363960628 1
-454.181542401 -761.699748474 -236.750834374 -1375.6250347 -2197.3457909 -544.567611589 0
-453.332565491 -764.561712678 -234.558711782 -1368.05506694 -2200.2399278 -538.187119858 1
-453.215671656 -758.000436637 -237.257037972 -1370.51292953 -2203.5669155 -539.052361376 1
-447.943147033 -756.780061191 -234.73731053 -1374.17960974 -2200.16190423 -549.372075892 0
-449.129528889 -757.713930822 -235.877176717 -1374.29521276 -2201.05653413 -549.058994973 0
-450.79261409 -764.71176996 -230.037231311 -1367.47439424 -2198.14940652 -541.425949742 1
-447.007195792 -763.47506472 -231.803249473 -1367.19406964 -2199.98397077 -543.793139619 1
-453.15601807 -762.01977217 -236.617200475 -1377.75168714 -2197.09666203 -544.14554219 0
-451.006455918 -763.657537697 -229.066491032 -1367.83815141 -2196.83263029 -541.600597735 1
-448.400701972 -756.629074679 -234.534756081 -1373.5731609 -2199.794724 -548.374082382 0
-452.325777546 -763.119409423 -235.886080986 -1376.70549552 -2195.62686712 -544.505927497 0
-454.298323535 -760.185258029 -237.076348856 -1370.85135918 -2203.64974744 -541.184158938 1
-447.611431863 -763.294821076 -234.271002688 -1366.00287548 -2199.26960199 -541.48062963 1
-451.573498389 -763.991413796 -229.899677067 -1366.01831798 -2196.70037421 -541.882754617 1
-445.586480533 -755.349597286 -236.206165369 -1362.40209443 -2190.62039996 -555.352764616 0
-448.221052763 -756.841871529 -235.065898779 -1372.94044163 -2199.87003228 -548.010714614 0
-445.664071662 -763.56149871 -233.494783749 -1367.40945854 -2197.51536855 -543.31425761 1
-453.854384752 -760.820868877 -236.920122434 -1376.18707701 -2197.7912873 -544.077364844 0
-444.134018931 -760.026020491 -232.685794859 -1374.2084405 -2202.69430552 -543.330958746 1
-454.230781931 -765.510384735 -235.774870861 -1368.41662119 -2198.74125033 -539.788360887 1
-455.528256765 -762.015838623 -237.532616409 -1375.56527759 -2195.39675359 -543.975230188 0
-452.287125897 -764.395638039 -235.909823927 -1367.94372387 -2201.3762434 -537.555435719 1
-453.104525888 -766.198238094 -236.043878489 -1369.42772874 -2203.81681723 -544.785188716 1
-450.794908771 -764.126837304 -229.205534548 -1365.82676934 -2199.08316183 -540.581587235 1
-452.760921393 -760.852746883 -238.414819881 -1375.56603121 -2196.80724264 -542.859773786 0
-452.763318572 -765.549037757 -237.495838127 -1369.37562931 -2203.12061317 -544.027210354 1
-454.621004043 -762.929570837 -236.088256508 -1375.95058282 -2195.19798294 -544.331637818 0
-454.223268105 -760.808425331 -237.521713721 -1367.67776657 -2203.24728588 -539.516944025 1
-448.858980803 -757.276837393 -235.05661634 -1374.7468476 -2202.25089186 -547.714492182 0
-452.436892964 -766.08250298 -237.242844548 -1368.78870654 -2202.09294391 -544.614000835 1
-446.312199236 -759.697868747 -231.71906503 -1374.76503919 -2203.26902916 -544.956833643 0
-453.709941988 -761.566248431 -236.957572711 -1376.39328073 -2197.38258011 -543.361264856 0
-455.694169611 -763.114089583 -224.174826291 -1376.94406878 -2207.3378449 -543.762577235 1
-453.282617364 -759.62910675 -236.763956391 -1369.66459581 -2203.3813739 -540.5894521 1
-451.528002682 -764.211426287 -230.292277016 -1368.01306508 -2196.99127298 -541.743504175 1
-453.497562819 -759.692681197 -237.136701461 -1369.91193558 -2204.76793237 -538.228964847 1
-446.640268356 -764.731257754 -232.544115515 -1369.65415234 -2199.84560091 -543.016019431 1
-452.366684594 -765.080119501 -238.346806128 -1368.00428244 -2199.28828129 -538.206364866 1
-446.946152137 -768.8231606 -230.264942623 -1364.65751827 -2206.9857852 -544.328021553 1
-445.555152384 -764.5672132 -230.958243108 -1367.07293459 -2199.44574099 -542.156581642 1
-454.712260561 -763.039798182 -235.434020058 -1374.81740563 -2196.16220377 -543.300707929 0
-453.501271202 -763.649841869 -230.02475451 -1367.91239985 -2196.91932604 -540.982584626 1
-451.041849009 -764.363484667 -230.666909962 -1366.68494469 -2197.21823986 -540.095552063 1
-454.903262414 -762.9972829 -235.945916436 -1375.47356014 -2195.52496181 -543.536152473 0
-445.74486104 -763.806462413 -232.448411493 -1368.66842658 -2199.4013359 -543.948233028 1
-453.773628002 -761.050788307 -237.18691107 -1376.59539819 -2196.29463388 -543.180367957 0
-453.159148765 -763.212290497 -237.406466651 -1368.44011152 -2199.91759838 -537.772232916 1
-451.186474707 -763.264237906 -231.211501913 -1367.78617112 -2196.98824516 -541.483153091 1
-452.188831418 -767.264054868 -237.401046641 -1368.79961741 -2202.64051509 -543.025897757 1
-449.525522783 -757.808532636 -236.646376752 -1372.61167216 -2199.90281941 -546.277387325 0
-452.382444518 -764.091222294 -229.928904978 -1366.57253346 -2197.13786033 -540.532440066 1
-449.928638366 -765.444385911 -231.390877585 -1367.66530838 -2197.6567571 -540.143663806 1
-451.582195584 -765.538723987 -229.56698175 -1368.14628554 -2198.53965031 -540.801624215 1
-453.095815762 -765.663091965 -236.229519365 -1368.58949484 -2199.86520609 -538.797896916 1
-453.532129474 -764.793671984 -237.0549117 -1367.09468906 -2199.64856083 -538.857272391 1
-455.044972947 -761.970987368 -237.707043448 -1377.26256071 -2196.16593379 -543.609490381 0
-454.300134793 -764.50983504 -236.64598736 -1367.91308217 -2200.60119567 -538.827468761 1
-446.281742075 -763.482235593 -232.364331453 -1366.44026746 -2197.76943695 -542.754307286 1
-453.581995044 -762.520802255 -236.186842249 -1377.50622971 -2195.4603838 -543.533913889 0
-451.662921792 -766.54003432 -238.564183111 -1368.20284905 -2204.40257257 -543.613321456 1
-450.886964763 -764.273277717 -230.073038765 -1367.73921979 -2198.44754545 -541.31865647 1
-453.403214509 -761.995789361 -235.385170994 -1376.3543459 -2195.99926821 -544.646732426 0
-453.617253816 -760.966926014 -237.348522095 -1376.04956706 -2195.6260235 -544.497300336 0
-452.781292299 -765.864766132 -237.720200353 -1369.58115678 -2203.85435251 -543.216902734 1
-448.010252714 -764.480468704 -231.219163782 -1368.28755671 -2199.40311426 -543.41837015 1
-449.90880185 -763.716074354 -230.546785516 -1366.27234435 -2197.62292622 -542.476860797 1
-452.923114627 -762.9998251 -236.91772939 -1377.13164409 -2195.89379566 -544.812008268 0
-451.251352096 -765.015244059 -237.342222112 -1367.47354227 -2202.98166195 -545.039189094 1
-451.220706143 -766.4350275 -238.510896198 -1369.67464112 -2203.64713688 -541.814970451 1
-452.961454393 -762.41715897 -236.983407291 -1377.22836685 -2197.35963125 -544.536586567 0
-451.169882314 -765.94103418 -230.451824725 -1368.54145676 -2196.75983072 -541.402332066 1
-453.182088581 -761.316983811 -236.580498706 -1375.93772494 -2197.25573719 -543.673398795 0
-444.984415871 -756.149752047 -241.944732276 -1373.78236167 -2194.23223888 -524.757861488 1
-450.287148551 -763.141468695 -230.960956963 -1368.74358097 -2197.23320897 -540.57410679 1
-451.382106526 -763.478126447 -230.985319289 -1367.34761627 -2197.76369578 -542.588299142 1
-445.001587053 -764.028657395 -232.837927098 -1367.0829816 -2199.05346274 -541.689236493 1
-448.889175066 -756.812360098 -234.905853405 -1372.79495088 -2201.03922184 -547.081102451 0
-453.4324831 -759.820481299 -236.38478692 -1370.60451213 -2204.03468263 -541.376747597 1
-446.281876719 -764.137240742 -232.777474409 -1367.55067941 -2198.6285373 -541.698868187 1
-446.374136257 -764.382026026 -231.061849527 -1368.78716068 -2199.5514356 -542.774832222 1
-453.759578221 -757.238116823 -235.154249648 -1370.08700885 -2204.18033541 -540.8720648 1
-454.025146454 -759.011761589 -235.313616207 -1368.33811872 -2204.36316012 -539.727923443 1
-453.886938025 -763.640610713 -235.001980684 -1366.49591989 -2200.93656159 -538.464777128 1
-453.583083559 -765.135208378 -238.46351185 -1367.76862258 -2202.15942518 -543.653565851 1
-446.393520787 -763.696385801 -232.292561909 -1368.37820399 -2200.26104896 -543.96248331 1
-451.836979736 -763.471027305 -230.673082261 -1367.43751817 -2197.0874761 -541.441025444 1
-453.16512985 -761.500662346 -235.983583769 -1377.5269492 -2196.37226938 -544.124477839 0
-453.884417676 -765.107638606 -230.358181473 -1368.22605498 -2197.33988448 -543.262033343 1
-446.639696897 -764.173938633 -231.915938544 -1366.96708969 -2198.30161606 -542.428176548 1
-452.958122686 -763.824083023 -235.780913687 -1368.77507168 -2199.7021499 -538.173219767 1
-448.052752414 -757.037578186 -234.040071962 -1373.18475853 -2201.51803738 -547.839593255 0
-447.624518666 -757.024370472 -235.360122191 -1373.87950759 -2200.76052625 -546.597964356 0
-451.404321489 -764.555770465 -229.658718394 -1367.78626372 -2196.85918999 -539.521851793 1
-444.703486141 -759.600345418 -231.653832729 -1374.69551473 -2203.04241623 -543.16887325 0
-453.039523561 -760.148961896 -237.838520864 -1370.10521274 -2204.48184796 -538.656145233 1
-451.941610912 -765.198604282 -230.529807659 -1367.27077084 -2197.79465191 -541.686291711 1
-445.354962887 -765.103584681 -233.242547618 -1368.20715879 -2198.21826597 -543.419066908 1
-453.357869785 -765.605298925 -235.85230671 -1367.65872875 -2199.33525808 -538.367137809 1
-449.681239552 -766.201488095 -230.356459784 -1368.39225974 -2197.88086025 -541.929080391 1
-454.100392942 -761.085687625 -236.917947716 -1374.81495302 -2194.79363467 -544.379239007 0
-453.452056501 -759.384966951 -220.968226221 -1366.81595338 -2188.9772111 -555.384390061 0
-453.765533471 -762.566954874 -236.930556896 -1375.00564806 -2195.87106602 -545.148713488 0
-447.442855703 -764.425162101 -231.984159844 -1367.28520237 -2198.98294671 -542.838182633 1
-453.726856009 -759.102346362 -234.86876206 -1369.70200557 -2204.60035755 -540.513905419 1
-453.761262958 -764.820171868 -235.337253917 -1369.19331975 -2200.63547536 -537.862959896 1
-453.330351245 -760.452945083 -237.38755831 -1375.63975757 -2197.60051866 -543.426138434 0
-445.687906166 -763.444496427 -230.983472312 -1368.2646795 -2199.99767343 -542.356330559 1
-449.546310816 -756.864824242 -235.734205603 -1374.66032965 -2202.55952545 -549.171002962 0
-453.259034302 -766.777419424 -240.2895167 -1370.79962832 -2201.76810068 -543.030217243 1
-452.714178076 -763.683118401 -236.886809025 -1376.21357298 -2195.36516359 -544.158987244 0
-451.47343359 -765.764439304 -229.68008091 -1367.59712223 -2196.26500573 -539.486050548 1
-451.822773535 -765.665710558 -229.650020615 -1367.58836728 -2196.23207577 -541.231022688 1
-453.926319819 -767.401935885 -237.064471482 -1369.46648111 -2203.85209547 -543.959388404 1
-445.928114281 -762.856930938 -232.382002185 -1367.26042782 -2198.31014075 -542.106906523 1
-453.421628394 -760.724608863 -235.517153946 -1369.87754441 -2203.67921214 -540.557975703 1
-455.044297423 -759.299514974 -237.015195465 -1369.58087089 -2202.47671428 -538.797380617 1
-453.434648813 -765.503331307 -238.033250395 -1368.4440109 -2198.74546957 -537.953485662 1
-446.45821897 -763.742737292 -232.286313543 -1368.07962913 -2200.95656965 -541.552613258 1
-452.210572242 -763.889464093 -231.563608212 -1367.59710341 -2197.84248193 -541.744360535 1
-451.73085178 -765.789663635 -229.570842601 -1367.11703684 -2199.062423 -542.633393715 1
-450.095966141 -759.462995004 -235.72869333 -1373.94850986 -2201.38345767 -548.801848661 0
-454.450851889 -759.562920087 -235.120878073 -1368.51620122 -2203.90373795 -539.00392583 1
-445.349439422 -759.402391527 -231.898656994 -1374.36792255 -2202.68276596 -544.363628917 0
-451.891682979 -763.891200799 -229.684023711 -1365.97886935 -2197.25324636 -541.506209656 1
-452.969670719 -765.392183627 -236.927005109 -1367.74900634 -2200.71234993 -538.118976942 1
-450.701318319 -765.388680263 -229.980198027 -1367.91190715 -2196.88159045 -542.30044406 1
-452.195413693 -761.924689899 -236.248073816 -1376.72259746 -2196.19109469 -545.240501882 0
-452.967054602 -759.554217697 -236.355102862 -1368.13846488 -2203.23105147 -539.7826513 1
-453.524238014 -762.458826727 -237.76199817 -1375.57918597 -2196.31462924 -545.789747747 0
-455.240498038 -759.744876786 -236.036437157 -1368.92698304 -2204.39398135 -540.822695231 1
-452.833445392 -762.315430011 -235.099879406 -1368.51594944 -2200.42099689 -538.830676814 1
-447.53426315 -757.00191615 -235.979790977 -1374.06589736 -2201.03789583 -546.244080567 0
-454.530689847 -759.828107979 -236.13768966 -1370.04727496 -2203.68916622 -540.0185118 1
-454.269793377 -758.550419836 -236.018657756 -1369.51581912 -2201.94400988 -539.222124067 1
-445.830294606 -763.471476519 -233.111614669 -1368.03695779 -2200.37588294 -541.165063772 1
-450.955308491 -764.068062788 -231.040831211 -1367.58271604 -2198.36285598 -540.328585324 1
-449.181137859 -756.982757925 -235.352519788 -1373.82539512 -2201.95980566 -548.309327535 0
-451.521809844 -764.675421533 -231.053249708 -1367.02309266 -2196.67832619 -541.794231853 1
-445.069819432 -758.402954468 -231.626620302 -1374.8594767 -2203.35902862 -543.654947814 0
-451.411728311 -763.448068537 -229.428048567 -1366.06379067 -2196.52096167 -543.547859739 1
-453.637228594 -760.754854364 -235.908005263 -1370.97434602 -2203.57310797 -539.930147949 1
-461.444311307 -765.200516212 -225.543822509 -1358.09263594 -2192.47947371 -554.660726882 1
-450.376029248 -745.011581723 -236.291371408 -1355.57590569 -2184.29802768 -536.474492718 1
-454.407200857 -763.59582669 -236.454768697 -1370.2216552 -2199.28953783 -538.079443908 1
-451.258477075 -762.43959768 -235.878089476 -1368.52378133 -2197.96612826 -539.629663278 1
-445.712228458 -763.813729105 -231.567299714 -1367.75781026 -2199.50917998 -543.13420882 1
-451.313624047 -764.78670235 -230.165969709 -1368.34041158 -2196.54914631 -543.282086943 1
-446.505052366 -763.128763192 -232.154486409 -1368.55443636 -2198.27257065 -542.306154929 1
-451.575767469 -764.37173305 -230.633932217 -1367.47143359 -2198.16298575 -540.37030742 1
-453.317828923 -767.441850199 -239.475882917 -1368.87994152 -2202.93790444 -542.560154465 1
-447.815639833 -762.695837592 -232.026384434 -1368.46301377 -2199.34667904 -542.604434767 1
-451.780699891 -761.229551664 -235.752972734 -1376.9873547 -2195.71477216 -544.484214758 0
-454.811216172 -764.351837646 -237.039948125 -1367.70728059 -2200.66793651 -538.512319176 1
-452.696423308 -761.596640006 -237.857954361 -1375.96445798 -2196.86993143 -543.311447817 0
-454.925336939 -763.233603474 -235.253369446 -1377.14596776 -2196.86142465 -543.843236575 0
-451.098831711 -764.201906996 -231.320760637 -1367.72175877 -2197.05583985 -541.854940235 1
-450.663289126 -766.653082337 -237.409318508 -1368.48077126 -2203.4513348 -541.719976965 1
-446.675309701 -763.00939415 -232.121374238 -1369.24641552 -2198.31086825 -543.108054849 1
-454.737768365 -759.539273237 -237.173275558 -1370.09892845 -2203.62145678 -539.815395642 1
-453.818321762 -759.455234495 -236.244839583 -1370.22719148 -2205.53713359 -540.873870714 1
-452.113954633 -763.239795487 -228.82519998 -1366.6600442 -2196.53183616 -541.075490642 1
-450.892925742 -763.872828417 -229.195659678 -1368.02873515 -2196.91288392 -541.419981165 1
-446.054523154 -765.717797126 -232.305033894 -1367.8590799 -2198.95701163 -543.475793819 1
-451.980000602 -763.104165312 -236.655020961 -1375.88506896 -2194.25276664 -544.274363159 0
-448.052795078 -755.893728223 -234.329546216 -1373.7118687 -2201.11802648 -548.346190257 0
-453.138356314 -764.061557934 -231.016824897 -1367.12864166 -2195.45478734 -540.835848382 1
-442.276349338 -759.124421011 -218.252599256 -1382.20614222 -2200.48758596 -533.088143763 0
-455.812637219 -761.442498019 -236.834410756 -1375.64558487 -2196.39478629 -543.280849607 0
-453.661131658 -762.69308265 -236.916713383 -1376.68551903 -2195.84106654 -544.377536161 0
-444.39468148 -758.437438529 -231.632280278 -1373.76937028 -2203.93839507 -543.406283425 1
-453.545058517 -761.733945293 -235.908935395 -1375.99894812 -2196.22391255 -545.753541547 0
-453.841582702 -760.429198155 -237.130925788 -1374.62912698 -2195.67810717 -544.344774037 0
-447.409575749 -764.570367885 -230.874663814 -1367.09455225 -2197.29055509 -541.87571542 1
-453.277048287 -761.677660321 -236.346394773 -1375.41604852 -2196.69088959 -543.31022081 0
-451.110349893 -764.151097866 -236.351520827 -1368.6069644 -2199.87594125 -537.657748394 1
